275.00 389.00
291.67 389.00
300.00 403.43
308.33 389.00
325.00 389.00
333.33 403.43
325.00 417.87
341.67 417.87
350.00 432.30
358.33 417.87
375.00 417.87
366.67 403.43
375.00 389.00
391.67 389.00
400.00 403.43
408.33 389.00
425.00 389.00
433.33 403.43
425.00 417.87
441.67 417.87
450.00 432.30
441.67 446.74
425.00 446.74
433.33 461.17
425.00 475.60
441.67 475.60
450.00 490.04
458.33 475.60
475.00 475.60
483.33 490.04
475.00 504.47
491.67 504.47
500.00 518.90
508.33 504.47
525.00 504.47
516.67 490.04
525.00 475.60
541.67 475.60
550.00 490.04
558.33 475.60
575.00 475.60
566.67 461.17
575.00 446.74
558.33 446.74
550.00 432.30
558.33 417.87
575.00 417.87
566.67 403.43
575.00 389.00
591.67 389.00
600.00 403.43
608.33 389.00
625.00 389.00
633.33 403.43
625.00 417.87
641.67 417.87
650.00 432.30
658.33 417.87
675.00 417.87
666.67 403.43
675.00 389.00
691.67 389.00
700.00 403.43
708.33 389.00
725.00 389.00
716.67 374.57
725.00 360.13
708.33 360.13
700.00 345.70
708.33 331.26
725.00 331.26
716.67 316.83
725.00 302.40
708.33 302.40
700.00 287.96
691.67 302.40
675.00 302.40
666.67 287.96
675.00 273.53
658.33 273.53
650.00 259.10
658.33 244.66
675.00 244.66
666.67 230.23
675.00 215.79
691.67 215.79
700.00 230.23
708.33 215.79
725.00 215.79
716.67 201.36
725.00 186.93
708.33 186.93
700.00 172.49
708.33 158.06
725.00 158.06
716.67 143.63
725.00 129.19
708.33 129.19
700.00 114.76
691.67 129.19
675.00 129.19
666.67 114.76
675.00 100.32
658.33 100.32
650.00 85.89
641.67 100.32
625.00 100.32
633.33 114.76
625.00 129.19
608.33 129.19
600.00 114.76
591.67 129.19
575.00 129.19
566.67 114.76
575.00 100.32
558.33 100.32
550.00 85.89
558.33 71.46
575.00 71.46
566.67 57.02
575.00 42.59
558.33 42.59
550.00 28.16
541.67 42.59
525.00 42.59
516.67 28.16
525.00 13.72
508.33 13.72
500.00 -0.71
491.67 13.72
475.00 13.72
483.33 28.16
475.00 42.59
458.33 42.59
450.00 28.16
441.67 42.59
425.00 42.59
433.33 57.02
425.00 71.46
441.67 71.46
450.00 85.89
441.67 100.32
425.00 100.32
433.33 114.76
425.00 129.19
408.33 129.19
400.00 114.76
391.67 129.19
375.00 129.19
366.67 114.76
375.00 100.32
358.33 100.32
350.00 85.89
341.67 100.32
325.00 100.32
333.33 114.76
325.00 129.19
308.33 129.19
300.00 114.76
291.67 129.19
275.00 129.19
283.33 143.63
275.00 158.06
291.67 158.06
300.00 172.49
291.67 186.93
275.00 186.93
283.33 201.36
275.00 215.79
291.67 215.79
300.00 230.23
308.33 215.79
325.00 215.79
333.33 230.23
325.00 244.66
341.67 244.66
350.00 259.10
341.67 273.53
325.00 273.53
333.33 287.96
325.00 302.40
308.33 302.40
300.00 287.96
291.67 302.40
275.00 302.40
283.33 316.83
275.00 331.26
291.67 331.26
300.00 345.70
291.67 360.13
275.00 360.13
283.33 374.57
