275.00 389.00
280.56 389.00
283.33 393.81
286.11 389.00
291.67 389.00
294.44 393.81
291.67 398.62
297.22 398.62
300.00 403.43
302.78 398.62
308.33 398.62
305.56 393.81
308.33 389.00
313.89 389.00
316.67 393.81
319.44 389.00
325.00 389.00
327.78 393.81
325.00 398.62
330.56 398.62
333.33 403.43
330.56 408.25
325.00 408.25
327.78 413.06
325.00 417.87
330.56 417.87
333.33 422.68
336.11 417.87
341.67 417.87
344.44 422.68
341.67 427.49
347.22 427.49
350.00 432.30
352.78 427.49
358.33 427.49
355.56 422.68
358.33 417.87
363.89 417.87
366.67 422.68
369.44 417.87
375.00 417.87
372.22 413.06
375.00 408.25
369.44 408.25
366.67 403.43
369.44 398.62
375.00 398.62
372.22 393.81
375.00 389.00
380.56 389.00
383.33 393.81
386.11 389.00
391.67 389.00
394.44 393.81
391.67 398.62
397.22 398.62
400.00 403.43
402.78 398.62
408.33 398.62
405.56 393.81
408.33 389.00
413.89 389.00
416.67 393.81
419.44 389.00
425.00 389.00
427.78 393.81
425.00 398.62
430.56 398.62
433.33 403.43
430.56 408.25
425.00 408.25
427.78 413.06
425.00 417.87
430.56 417.87
433.33 422.68
436.11 417.87
441.67 417.87
444.44 422.68
441.67 427.49
447.22 427.49
450.00 432.30
447.22 437.11
441.67 437.11
444.44 441.92
441.67 446.74
436.11 446.74
433.33 441.92
430.56 446.74
425.00 446.74
427.78 451.55
425.00 456.36
430.56 456.36
433.33 461.17
430.56 465.98
425.00 465.98
427.78 470.79
425.00 475.60
430.56 475.60
433.33 480.41
436.11 475.60
441.67 475.60
444.44 480.41
441.67 485.23
447.22 485.23
450.00 490.04
452.78 485.23
458.33 485.23
455.56 480.41
458.33 475.60
463.89 475.60
466.67 480.41
469.44 475.60
475.00 475.60
477.78 480.41
475.00 485.23
480.56 485.23
483.33 490.04
480.56 494.85
475.00 494.85
477.78 499.66
475.00 504.47
480.56 504.47
483.33 509.28
486.11 504.47
491.67 504.47
494.44 509.28
491.67 514.09
497.22 514.09
500.00 518.90
502.78 514.09
508.33 514.09
505.56 509.28
508.33 504.47
513.89 504.47
516.67 509.28
519.44 504.47
525.00 504.47
522.22 499.66
525.00 494.85
519.44 494.85
516.67 490.04
519.44 485.23
525.00 485.23
522.22 480.41
525.00 475.60
530.56 475.60
533.33 480.41
536.11 475.60
541.67 475.60
544.44 480.41
541.67 485.23
547.22 485.23
550.00 490.04
552.78 485.23
558.33 485.23
555.56 480.41
558.33 475.60
563.89 475.60
566.67 480.41
569.44 475.60
575.00 475.60
572.22 470.79
575.00 465.98
569.44 465.98
566.67 461.17
569.44 456.36
575.00 456.36
572.22 451.55
575.00 446.74
569.44 446.74
566.67 441.92
563.89 446.74
558.33 446.74
555.56 441.92
558.33 437.11
552.78 437.11
550.00 432.30
552.78 427.49
558.33 427.49
555.56 422.68
558.33 417.87
563.89 417.87
566.67 422.68
569.44 417.87
575.00 417.87
572.22 413.06
575.00 408.25
569.44 408.25
566.67 403.43
569.44 398.62
575.00 398.62
572.22 393.81
575.00 389.00
580.56 389.00
583.33 393.81
586.11 389.00
591.67 389.00
594.44 393.81
591.67 398.62
597.22 398.62
600.00 403.43
602.78 398.62
608.33 398.62
605.56 393.81
608.33 389.00
613.89 389.00
616.67 393.81
619.44 389.00
625.00 389.00
627.78 393.81
625.00 398.62
630.56 398.62
633.33 403.43
630.56 408.25
625.00 408.25
627.78 413.06
625.00 417.87
630.56 417.87
633.33 422.68
636.11 417.87
641.67 417.87
644.44 422.68
641.67 427.49
647.22 427.49
650.00 432.30
652.78 427.49
658.33 427.49
655.56 422.68
658.33 417.87
663.89 417.87
666.67 422.68
669.44 417.87
675.00 417.87
672.22 413.06
675.00 408.25
669.44 408.25
666.67 403.43
669.44 398.62
675.00 398.62
672.22 393.81
675.00 389.00
680.56 389.00
683.33 393.81
686.11 389.00
691.67 389.00
694.44 393.81
691.67 398.62
697.22 398.62
700.00 403.43
702.78 398.62
708.33 398.62
705.56 393.81
708.33 389.00
713.89 389.00
716.67 393.81
719.44 389.00
725.00 389.00
722.22 384.19
725.00 379.38
719.44 379.38
716.67 374.57
719.44 369.75
725.00 369.75
722.22 364.94
725.00 360.13
719.44 360.13
716.67 355.32
713.89 360.13
708.33 360.13
705.56 355.32
708.33 350.51
702.78 350.51
700.00 345.70
702.78 340.89
708.33 340.89
705.56 336.08
708.33 331.26
713.89 331.26
716.67 336.08
719.44 331.26
725.00 331.26
722.22 326.45
725.00 321.64
719.44 321.64
716.67 316.83
719.44 312.02
725.00 312.02
722.22 307.21
725.00 302.40
719.44 302.40
716.67 297.59
713.89 302.40
708.33 302.40
705.56 297.59
708.33 292.77
702.78 292.77
700.00 287.96
697.22 292.77
691.67 292.77
694.44 297.59
691.67 302.40
686.11 302.40
683.33 297.59
680.56 302.40
675.00 302.40
672.22 297.59
675.00 292.77
669.44 292.77
666.67 287.96
669.44 283.15
675.00 283.15
672.22 278.34
675.00 273.53
669.44 273.53
666.67 268.72
663.89 273.53
658.33 273.53
655.56 268.72
658.33 263.91
652.78 263.91
650.00 259.10
652.78 254.28
658.33 254.28
655.56 249.47
658.33 244.66
663.89 244.66
666.67 249.47
669.44 244.66
675.00 244.66
672.22 239.85
675.00 235.04
669.44 235.04
666.67 230.23
669.44 225.42
675.00 225.42
672.22 220.61
675.00 215.79
680.56 215.79
683.33 220.61
686.11 215.79
691.67 215.79
694.44 220.61
691.67 225.42
697.22 225.42
700.00 230.23
702.78 225.42
708.33 225.42
705.56 220.61
708.33 215.79
713.89 215.79
716.67 220.61
719.44 215.79
725.00 215.79
722.22 210.98
725.00 206.17
719.44 206.17
716.67 201.36
719.44 196.55
725.00 196.55
722.22 191.74
725.00 186.93
719.44 186.93
716.67 182.12
713.89 186.93
708.33 186.93
705.56 182.12
708.33 177.30
702.78 177.30
700.00 172.49
702.78 167.68
708.33 167.68
705.56 162.87
708.33 158.06
713.89 158.06
716.67 162.87
719.44 158.06
725.00 158.06
722.22 153.25
725.00 148.44
719.44 148.44
716.67 143.63
719.44 138.81
725.00 138.81
722.22 134.00
725.00 129.19
719.44 129.19
716.67 124.38
713.89 129.19
708.33 129.19
705.56 124.38
708.33 119.57
702.78 119.57
700.00 114.76
697.22 119.57
691.67 119.57
694.44 124.38
691.67 129.19
686.11 129.19
683.33 124.38
680.56 129.19
675.00 129.19
672.22 124.38
675.00 119.57
669.44 119.57
666.67 114.76
669.44 109.95
675.00 109.95
672.22 105.14
675.00 100.32
669.44 100.32
666.67 95.51
663.89 100.32
658.33 100.32
655.56 95.51
658.33 90.70
652.78 90.70
650.00 85.89
647.22 90.70
641.67 90.70
644.44 95.51
641.67 100.32
636.11 100.32
633.33 95.51
630.56 100.32
625.00 100.32
627.78 105.14
625.00 109.95
630.56 109.95
633.33 114.76
630.56 119.57
625.00 119.57
627.78 124.38
625.00 129.19
619.44 129.19
616.67 124.38
613.89 129.19
608.33 129.19
605.56 124.38
608.33 119.57
602.78 119.57
600.00 114.76
597.22 119.57
591.67 119.57
594.44 124.38
591.67 129.19
586.11 129.19
583.33 124.38
580.56 129.19
575.00 129.19
572.22 124.38
575.00 119.57
569.44 119.57
566.67 114.76
569.44 109.95
575.00 109.95
572.22 105.14
575.00 100.32
569.44 100.32
566.67 95.51
563.89 100.32
558.33 100.32
555.56 95.51
558.33 90.70
552.78 90.70
550.00 85.89
552.78 81.08
558.33 81.08
555.56 76.27
558.33 71.46
563.89 71.46
566.67 76.27
569.44 71.46
575.00 71.46
572.22 66.65
575.00 61.83
569.44 61.83
566.67 57.02
569.44 52.21
575.00 52.21
572.22 47.40
575.00 42.59
569.44 42.59
566.67 37.78
563.89 42.59
558.33 42.59
555.56 37.78
558.33 32.97
552.78 32.97
550.00 28.16
547.22 32.97
541.67 32.97
544.44 37.78
541.67 42.59
536.11 42.59
533.33 37.78
530.56 42.59
525.00 42.59
522.22 37.78
525.00 32.97
519.44 32.97
516.67 28.16
519.44 23.34
525.00 23.34
522.22 18.53
525.00 13.72
519.44 13.72
516.67 8.91
513.89 13.72
508.33 13.72
505.56 8.91
508.33 4.10
502.78 4.10
500.00 -0.71
497.22 4.10
491.67 4.10
494.44 8.91
491.67 13.72
486.11 13.72
483.33 8.91
480.56 13.72
475.00 13.72
477.78 18.53
475.00 23.34
480.56 23.34
483.33 28.16
480.56 32.97
475.00 32.97
477.78 37.78
475.00 42.59
469.44 42.59
466.67 37.78
463.89 42.59
458.33 42.59
455.56 37.78
458.33 32.97
452.78 32.97
450.00 28.16
447.22 32.97
441.67 32.97
444.44 37.78
441.67 42.59
436.11 42.59
433.33 37.78
430.56 42.59
425.00 42.59
427.78 47.40
425.00 52.21
430.56 52.21
433.33 57.02
430.56 61.83
425.00 61.83
427.78 66.65
425.00 71.46
430.56 71.46
433.33 76.27
436.11 71.46
441.67 71.46
444.44 76.27
441.67 81.08
447.22 81.08
450.00 85.89
447.22 90.70
441.67 90.70
444.44 95.51
441.67 100.32
436.11 100.32
433.33 95.51
430.56 100.32
425.00 100.32
427.78 105.14
425.00 109.95
430.56 109.95
433.33 114.76
430.56 119.57
425.00 119.57
427.78 124.38
425.00 129.19
419.44 129.19
416.67 124.38
413.89 129.19
408.33 129.19
405.56 124.38
408.33 119.57
402.78 119.57
400.00 114.76
397.22 119.57
391.67 119.57
394.44 124.38
391.67 129.19
386.11 129.19
383.33 124.38
380.56 129.19
375.00 129.19
372.22 124.38
375.00 119.57
369.44 119.57
366.67 114.76
369.44 109.95
375.00 109.95
372.22 105.14
375.00 100.32
369.44 100.32
366.67 95.51
363.89 100.32
358.33 100.32
355.56 95.51
358.33 90.70
352.78 90.70
350.00 85.89
347.22 90.70
341.67 90.70
344.44 95.51
341.67 100.32
336.11 100.32
333.33 95.51
330.56 100.32
325.00 100.32
327.78 105.14
325.00 109.95
330.56 109.95
333.33 114.76
330.56 119.57
325.00 119.57
327.78 124.38
325.00 129.19
319.44 129.19
316.67 124.38
313.89 129.19
308.33 129.19
305.56 124.38
308.33 119.57
302.78 119.57
300.00 114.76
297.22 119.57
291.67 119.57
294.44 124.38
291.67 129.19
286.11 129.19
283.33 124.38
280.56 129.19
275.00 129.19
277.78 134.00
275.00 138.81
280.56 138.81
283.33 143.63
280.56 148.44
275.00 148.44
277.78 153.25
275.00 158.06
280.56 158.06
283.33 162.87
286.11 158.06
291.67 158.06
294.44 162.87
291.67 167.68
297.22 167.68
300.00 172.49
297.22 177.30
291.67 177.30
294.44 182.12
291.67 186.93
286.11 186.93
283.33 182.12
280.56 186.93
275.00 186.93
277.78 191.74
275.00 196.55
280.56 196.55
283.33 201.36
280.56 206.17
275.00 206.17
277.78 210.98
275.00 215.79
280.56 215.79
283.33 220.61
286.11 215.79
291.67 215.79
294.44 220.61
291.67 225.42
297.22 225.42
300.00 230.23
302.78 225.42
308.33 225.42
305.56 220.61
308.33 215.79
313.89 215.79
316.67 220.61
319.44 215.79
325.00 215.79
327.78 220.61
325.00 225.42
330.56 225.42
333.33 230.23
330.56 235.04
325.00 235.04
327.78 239.85
325.00 244.66
330.56 244.66
333.33 249.47
336.11 244.66
341.67 244.66
344.44 249.47
341.67 254.28
347.22 254.28
350.00 259.10
347.22 263.91
341.67 263.91
344.44 268.72
341.67 273.53
336.11 273.53
333.33 268.72
330.56 273.53
325.00 273.53
327.78 278.34
325.00 283.15
330.56 283.15
333.33 287.96
330.56 292.77
325.00 292.77
327.78 297.59
325.00 302.40
319.44 302.40
316.67 297.59
313.89 302.40
308.33 302.40
305.56 297.59
308.33 292.77
302.78 292.77
300.00 287.96
297.22 292.77
291.67 292.77
294.44 297.59
291.67 302.40
286.11 302.40
283.33 297.59
280.56 302.40
275.00 302.40
277.78 307.21
275.00 312.02
280.56 312.02
283.33 316.83
280.56 321.64
275.00 321.64
277.78 326.45
275.00 331.26
280.56 331.26
283.33 336.08
286.11 331.26
291.67 331.26
294.44 336.08
291.67 340.89
297.22 340.89
300.00 345.70
297.22 350.51
291.67 350.51
294.44 355.32
291.67 360.13
286.11 360.13
283.33 355.32
280.56 360.13
275.00 360.13
277.78 364.94
275.00 369.75
280.56 369.75
283.33 374.57
280.56 379.38
275.00 379.38
277.78 384.19
