275.00 389.00
276.85 389.00
277.78 390.60
278.70 389.00
280.56 389.00
281.48 390.60
280.56 392.21
282.41 392.21
283.33 393.81
284.26 392.21
286.11 392.21
285.19 390.60
286.11 389.00
287.96 389.00
288.89 390.60
289.81 389.00
291.67 389.00
292.59 390.60
291.67 392.21
293.52 392.21
294.44 393.81
293.52 395.42
291.67 395.42
292.59 397.02
291.67 398.62
293.52 398.62
294.44 400.23
295.37 398.62
297.22 398.62
298.15 400.23
297.22 401.83
299.07 401.83
300.00 403.43
300.93 401.83
302.78 401.83
301.85 400.23
302.78 398.62
304.63 398.62
305.56 400.23
306.48 398.62
308.33 398.62
307.41 397.02
308.33 395.42
306.48 395.42
305.56 393.81
306.48 392.21
308.33 392.21
307.41 390.60
308.33 389.00
310.19 389.00
311.11 390.60
312.04 389.00
313.89 389.00
314.81 390.60
313.89 392.21
315.74 392.21
316.67 393.81
317.59 392.21
319.44 392.21
318.52 390.60
319.44 389.00
321.30 389.00
322.22 390.60
323.15 389.00
325.00 389.00
325.93 390.60
325.00 392.21
326.85 392.21
327.78 393.81
326.85 395.42
325.00 395.42
325.93 397.02
325.00 398.62
326.85 398.62
327.78 400.23
328.70 398.62
330.56 398.62
331.48 400.23
330.56 401.83
332.41 401.83
333.33 403.43
332.41 405.04
330.56 405.04
331.48 406.64
330.56 408.25
328.70 408.25
327.78 406.64
326.85 408.25
325.00 408.25
325.93 409.85
325.00 411.45
326.85 411.45
327.78 413.06
326.85 414.66
325.00 414.66
325.93 416.26
325.00 417.87
326.85 417.87
327.78 419.47
328.70 417.87
330.56 417.87
331.48 419.47
330.56 421.08
332.41 421.08
333.33 422.68
334.26 421.08
336.11 421.08
335.19 419.47
336.11 417.87
337.96 417.87
338.89 419.47
339.81 417.87
341.67 417.87
342.59 419.47
341.67 421.08
343.52 421.08
344.44 422.68
343.52 424.28
341.67 424.28
342.59 425.89
341.67 427.49
343.52 427.49
344.44 429.09
345.37 427.49
347.22 427.49
348.15 429.09
347.22 430.70
349.07 430.70
350.00 432.30
350.93 430.70
352.78 430.70
351.85 429.09
352.78 427.49
354.63 427.49
355.56 429.09
356.48 427.49
358.33 427.49
357.41 425.89
358.33 424.28
356.48 424.28
355.56 422.68
356.48 421.08
358.33 421.08
357.41 419.47
358.33 417.87
360.19 417.87
361.11 419.47
362.04 417.87
363.89 417.87
364.81 419.47
363.89 421.08
365.74 421.08
366.67 422.68
367.59 421.08
369.44 421.08
368.52 419.47
369.44 417.87
371.30 417.87
372.22 419.47
373.15 417.87
375.00 417.87
374.07 416.26
375.00 414.66
373.15 414.66
372.22 413.06
373.15 411.45
375.00 411.45
374.07 409.85
375.00 408.25
373.15 408.25
372.22 406.64
371.30 408.25
369.44 408.25
368.52 406.64
369.44 405.04
367.59 405.04
366.67 403.43
367.59 401.83
369.44 401.83
368.52 400.23
369.44 398.62
371.30 398.62
372.22 400.23
373.15 398.62
375.00 398.62
374.07 397.02
375.00 395.42
373.15 395.42
372.22 393.81
373.15 392.21
375.00 392.21
374.07 390.60
375.00 389.00
376.85 389.00
377.78 390.60
378.70 389.00
380.56 389.00
381.48 390.60
380.56 392.21
382.41 392.21
383.33 393.81
384.26 392.21
386.11 392.21
385.19 390.60
386.11 389.00
387.96 389.00
388.89 390.60
389.81 389.00
391.67 389.00
392.59 390.60
391.67 392.21
393.52 392.21
394.44 393.81
393.52 395.42
391.67 395.42
392.59 397.02
391.67 398.62
393.52 398.62
394.44 400.23
395.37 398.62
397.22 398.62
398.15 400.23
397.22 401.83
399.07 401.83
400.00 403.43
400.93 401.83
402.78 401.83
401.85 400.23
402.78 398.62
404.63 398.62
405.56 400.23
406.48 398.62
408.33 398.62
407.41 397.02
408.33 395.42
406.48 395.42
405.56 393.81
406.48 392.21
408.33 392.21
407.41 390.60
408.33 389.00
410.19 389.00
411.11 390.60
412.04 389.00
413.89 389.00
414.81 390.60
413.89 392.21
415.74 392.21
416.67 393.81
417.59 392.21
419.44 392.21
418.52 390.60
419.44 389.00
421.30 389.00
422.22 390.60
423.15 389.00
425.00 389.00
425.93 390.60
425.00 392.21
426.85 392.21
427.78 393.81
426.85 395.42
425.00 395.42
425.93 397.02
425.00 398.62
426.85 398.62
427.78 400.23
428.70 398.62
430.56 398.62
431.48 400.23
430.56 401.83
432.41 401.83
433.33 403.43
432.41 405.04
430.56 405.04
431.48 406.64
430.56 408.25
428.70 408.25
427.78 406.64
426.85 408.25
425.00 408.25
425.93 409.85
425.00 411.45
426.85 411.45
427.78 413.06
426.85 414.66
425.00 414.66
425.93 416.26
425.00 417.87
426.85 417.87
427.78 419.47
428.70 417.87
430.56 417.87
431.48 419.47
430.56 421.08
432.41 421.08
433.33 422.68
434.26 421.08
436.11 421.08
435.19 419.47
436.11 417.87
437.96 417.87
438.89 419.47
439.81 417.87
441.67 417.87
442.59 419.47
441.67 421.08
443.52 421.08
444.44 422.68
443.52 424.28
441.67 424.28
442.59 425.89
441.67 427.49
443.52 427.49
444.44 429.09
445.37 427.49
447.22 427.49
448.15 429.09
447.22 430.70
449.07 430.70
450.00 432.30
449.07 433.91
447.22 433.91
448.15 435.51
447.22 437.11
445.37 437.11
444.44 435.51
443.52 437.11
441.67 437.11
442.59 438.72
441.67 440.32
443.52 440.32
444.44 441.92
443.52 443.53
441.67 443.53
442.59 445.13
441.67 446.74
439.81 446.74
438.89 445.13
437.96 446.74
436.11 446.74
435.19 445.13
436.11 443.53
434.26 443.53
433.33 441.92
432.41 443.53
430.56 443.53
431.48 445.13
430.56 446.74
428.70 446.74
427.78 445.13
426.85 446.74
425.00 446.74
425.93 448.34
425.00 449.94
426.85 449.94
427.78 451.55
426.85 453.15
425.00 453.15
425.93 454.75
425.00 456.36
426.85 456.36
427.78 457.96
428.70 456.36
430.56 456.36
431.48 457.96
430.56 459.57
432.41 459.57
433.33 461.17
432.41 462.77
430.56 462.77
431.48 464.38
430.56 465.98
428.70 465.98
427.78 464.38
426.85 465.98
425.00 465.98
425.93 467.58
425.00 469.19
426.85 469.19
427.78 470.79
426.85 472.40
425.00 472.40
425.93 474.00
425.00 475.60
426.85 475.60
427.78 477.21
428.70 475.60
430.56 475.60
431.48 477.21
430.56 478.81
432.41 478.81
433.33 480.41
434.26 478.81
436.11 478.81
435.19 477.21
436.11 475.60
437.96 475.60
438.89 477.21
439.81 475.60
441.67 475.60
442.59 477.21
441.67 478.81
443.52 478.81
444.44 480.41
443.52 482.02
441.67 482.02
442.59 483.62
441.67 485.23
443.52 485.23
444.44 486.83
445.37 485.23
447.22 485.23
448.15 486.83
447.22 488.43
449.07 488.43
450.00 490.04
450.93 488.43
452.78 488.43
451.85 486.83
452.78 485.23
454.63 485.23
455.56 486.83
456.48 485.23
458.33 485.23
457.41 483.62
458.33 482.02
456.48 482.02
455.56 480.41
456.48 478.81
458.33 478.81
457.41 477.21
458.33 475.60
460.19 475.60
461.11 477.21
462.04 475.60
463.89 475.60
464.81 477.21
463.89 478.81
465.74 478.81
466.67 480.41
467.59 478.81
469.44 478.81
468.52 477.21
469.44 475.60
471.30 475.60
472.22 477.21
473.15 475.60
475.00 475.60
475.93 477.21
475.00 478.81
476.85 478.81
477.78 480.41
476.85 482.02
475.00 482.02
475.93 483.62
475.00 485.23
476.85 485.23
477.78 486.83
478.70 485.23
480.56 485.23
481.48 486.83
480.56 488.43
482.41 488.43
483.33 490.04
482.41 491.64
480.56 491.64
481.48 493.24
480.56 494.85
478.70 494.85
477.78 493.24
476.85 494.85
475.00 494.85
475.93 496.45
475.00 498.06
476.85 498.06
477.78 499.66
476.85 501.26
475.00 501.26
475.93 502.87
475.00 504.47
476.85 504.47
477.78 506.07
478.70 504.47
480.56 504.47
481.48 506.07
480.56 507.68
482.41 507.68
483.33 509.28
484.26 507.68
486.11 507.68
485.19 506.07
486.11 504.47
487.96 504.47
488.89 506.07
489.81 504.47
491.67 504.47
492.59 506.07
491.67 507.68
493.52 507.68
494.44 509.28
493.52 510.89
491.67 510.89
492.59 512.49
491.67 514.09
493.52 514.09
494.44 515.70
495.37 514.09
497.22 514.09
498.15 515.70
497.22 517.30
499.07 517.30
500.00 518.90
500.93 517.30
502.78 517.30
501.85 515.70
502.78 514.09
504.63 514.09
505.56 515.70
506.48 514.09
508.33 514.09
507.41 512.49
508.33 510.89
506.48 510.89
505.56 509.28
506.48 507.68
508.33 507.68
507.41 506.07
508.33 504.47
510.19 504.47
511.11 506.07
512.04 504.47
513.89 504.47
514.81 506.07
513.89 507.68
515.74 507.68
516.67 509.28
517.59 507.68
519.44 507.68
518.52 506.07
519.44 504.47
521.30 504.47
522.22 506.07
523.15 504.47
525.00 504.47
524.07 502.87
525.00 501.26
523.15 501.26
522.22 499.66
523.15 498.06
525.00 498.06
524.07 496.45
525.00 494.85
523.15 494.85
522.22 493.24
521.30 494.85
519.44 494.85
518.52 493.24
519.44 491.64
517.59 491.64
516.67 490.04
517.59 488.43
519.44 488.43
518.52 486.83
519.44 485.23
521.30 485.23
522.22 486.83
523.15 485.23
525.00 485.23
524.07 483.62
525.00 482.02
523.15 482.02
522.22 480.41
523.15 478.81
525.00 478.81
524.07 477.21
525.00 475.60
526.85 475.60
527.78 477.21
528.70 475.60
530.56 475.60
531.48 477.21
530.56 478.81
532.41 478.81
533.33 480.41
534.26 478.81
536.11 478.81
535.19 477.21
536.11 475.60
537.96 475.60
538.89 477.21
539.81 475.60
541.67 475.60
542.59 477.21
541.67 478.81
543.52 478.81
544.44 480.41
543.52 482.02
541.67 482.02
542.59 483.62
541.67 485.23
543.52 485.23
544.44 486.83
545.37 485.23
547.22 485.23
548.15 486.83
547.22 488.43
549.07 488.43
550.00 490.04
550.93 488.43
552.78 488.43
551.85 486.83
552.78 485.23
554.63 485.23
555.56 486.83
556.48 485.23
558.33 485.23
557.41 483.62
558.33 482.02
556.48 482.02
555.56 480.41
556.48 478.81
558.33 478.81
557.41 477.21
558.33 475.60
560.19 475.60
561.11 477.21
562.04 475.60
563.89 475.60
564.81 477.21
563.89 478.81
565.74 478.81
566.67 480.41
567.59 478.81
569.44 478.81
568.52 477.21
569.44 475.60
571.30 475.60
572.22 477.21
573.15 475.60
575.00 475.60
574.07 474.00
575.00 472.40
573.15 472.40
572.22 470.79
573.15 469.19
575.00 469.19
574.07 467.58
575.00 465.98
573.15 465.98
572.22 464.38
571.30 465.98
569.44 465.98
568.52 464.38
569.44 462.77
567.59 462.77
566.67 461.17
567.59 459.57
569.44 459.57
568.52 457.96
569.44 456.36
571.30 456.36
572.22 457.96
573.15 456.36
575.00 456.36
574.07 454.75
575.00 453.15
573.15 453.15
572.22 451.55
573.15 449.94
575.00 449.94
574.07 448.34
575.00 446.74
573.15 446.74
572.22 445.13
571.30 446.74
569.44 446.74
568.52 445.13
569.44 443.53
567.59 443.53
566.67 441.92
565.74 443.53
563.89 443.53
564.81 445.13
563.89 446.74
562.04 446.74
561.11 445.13
560.19 446.74
558.33 446.74
557.41 445.13
558.33 443.53
556.48 443.53
555.56 441.92
556.48 440.32
558.33 440.32
557.41 438.72
558.33 437.11
556.48 437.11
555.56 435.51
554.63 437.11
552.78 437.11
551.85 435.51
552.78 433.91
550.93 433.91
550.00 432.30
550.93 430.70
552.78 430.70
551.85 429.09
552.78 427.49
554.63 427.49
555.56 429.09
556.48 427.49
558.33 427.49
557.41 425.89
558.33 424.28
556.48 424.28
555.56 422.68
556.48 421.08
558.33 421.08
557.41 419.47
558.33 417.87
560.19 417.87
561.11 419.47
562.04 417.87
563.89 417.87
564.81 419.47
563.89 421.08
565.74 421.08
566.67 422.68
567.59 421.08
569.44 421.08
568.52 419.47
569.44 417.87
571.30 417.87
572.22 419.47
573.15 417.87
575.00 417.87
574.07 416.26
575.00 414.66
573.15 414.66
572.22 413.06
573.15 411.45
575.00 411.45
574.07 409.85
575.00 408.25
573.15 408.25
572.22 406.64
571.30 408.25
569.44 408.25
568.52 406.64
569.44 405.04
567.59 405.04
566.67 403.43
567.59 401.83
569.44 401.83
568.52 400.23
569.44 398.62
571.30 398.62
572.22 400.23
573.15 398.62
575.00 398.62
574.07 397.02
575.00 395.42
573.15 395.42
572.22 393.81
573.15 392.21
575.00 392.21
574.07 390.60
575.00 389.00
576.85 389.00
577.78 390.60
578.70 389.00
580.56 389.00
581.48 390.60
580.56 392.21
582.41 392.21
583.33 393.81
584.26 392.21
586.11 392.21
585.19 390.60
586.11 389.00
587.96 389.00
588.89 390.60
589.81 389.00
591.67 389.00
592.59 390.60
591.67 392.21
593.52 392.21
594.44 393.81
593.52 395.42
591.67 395.42
592.59 397.02
591.67 398.62
593.52 398.62
594.44 400.23
595.37 398.62
597.22 398.62
598.15 400.23
597.22 401.83
599.07 401.83
600.00 403.43
600.93 401.83
602.78 401.83
601.85 400.23
602.78 398.62
604.63 398.62
605.56 400.23
606.48 398.62
608.33 398.62
607.41 397.02
608.33 395.42
606.48 395.42
605.56 393.81
606.48 392.21
608.33 392.21
607.41 390.60
608.33 389.00
610.19 389.00
611.11 390.60
612.04 389.00
613.89 389.00
614.81 390.60
613.89 392.21
615.74 392.21
616.67 393.81
617.59 392.21
619.44 392.21
618.52 390.60
619.44 389.00
621.30 389.00
622.22 390.60
623.15 389.00
625.00 389.00
625.93 390.60
625.00 392.21
626.85 392.21
627.78 393.81
626.85 395.42
625.00 395.42
625.93 397.02
625.00 398.62
626.85 398.62
627.78 400.23
628.70 398.62
630.56 398.62
631.48 400.23
630.56 401.83
632.41 401.83
633.33 403.43
632.41 405.04
630.56 405.04
631.48 406.64
630.56 408.25
628.70 408.25
627.78 406.64
626.85 408.25
625.00 408.25
625.93 409.85
625.00 411.45
626.85 411.45
627.78 413.06
626.85 414.66
625.00 414.66
625.93 416.26
625.00 417.87
626.85 417.87
627.78 419.47
628.70 417.87
630.56 417.87
631.48 419.47
630.56 421.08
632.41 421.08
633.33 422.68
634.26 421.08
636.11 421.08
635.19 419.47
636.11 417.87
637.96 417.87
638.89 419.47
639.81 417.87
641.67 417.87
642.59 419.47
641.67 421.08
643.52 421.08
644.44 422.68
643.52 424.28
641.67 424.28
642.59 425.89
641.67 427.49
643.52 427.49
644.44 429.09
645.37 427.49
647.22 427.49
648.15 429.09
647.22 430.70
649.07 430.70
650.00 432.30
650.93 430.70
652.78 430.70
651.85 429.09
652.78 427.49
654.63 427.49
655.56 429.09
656.48 427.49
658.33 427.49
657.41 425.89
658.33 424.28
656.48 424.28
655.56 422.68
656.48 421.08
658.33 421.08
657.41 419.47
658.33 417.87
660.19 417.87
661.11 419.47
662.04 417.87
663.89 417.87
664.81 419.47
663.89 421.08
665.74 421.08
666.67 422.68
667.59 421.08
669.44 421.08
668.52 419.47
669.44 417.87
671.30 417.87
672.22 419.47
673.15 417.87
675.00 417.87
674.07 416.26
675.00 414.66
673.15 414.66
672.22 413.06
673.15 411.45
675.00 411.45
674.07 409.85
675.00 408.25
673.15 408.25
672.22 406.64
671.30 408.25
669.44 408.25
668.52 406.64
669.44 405.04
667.59 405.04
666.67 403.43
667.59 401.83
669.44 401.83
668.52 400.23
669.44 398.62
671.30 398.62
672.22 400.23
673.15 398.62
675.00 398.62
674.07 397.02
675.00 395.42
673.15 395.42
672.22 393.81
673.15 392.21
675.00 392.21
674.07 390.60
675.00 389.00
676.85 389.00
677.78 390.60
678.70 389.00
680.56 389.00
681.48 390.60
680.56 392.21
682.41 392.21
683.33 393.81
684.26 392.21
686.11 392.21
685.19 390.60
686.11 389.00
687.96 389.00
688.89 390.60
689.81 389.00
691.67 389.00
692.59 390.60
691.67 392.21
693.52 392.21
694.44 393.81
693.52 395.42
691.67 395.42
692.59 397.02
691.67 398.62
693.52 398.62
694.44 400.23
695.37 398.62
697.22 398.62
698.15 400.23
697.22 401.83
699.07 401.83
700.00 403.43
700.93 401.83
702.78 401.83
701.85 400.23
702.78 398.62
704.63 398.62
705.56 400.23
706.48 398.62
708.33 398.62
707.41 397.02
708.33 395.42
706.48 395.42
705.56 393.81
706.48 392.21
708.33 392.21
707.41 390.60
708.33 389.00
710.19 389.00
711.11 390.60
712.04 389.00
713.89 389.00
714.81 390.60
713.89 392.21
715.74 392.21
716.67 393.81
717.59 392.21
719.44 392.21
718.52 390.60
719.44 389.00
721.30 389.00
722.22 390.60
723.15 389.00
725.00 389.00
724.07 387.40
725.00 385.79
723.15 385.79
722.22 384.19
723.15 382.58
725.00 382.58
724.07 380.98
725.00 379.38
723.15 379.38
722.22 377.77
721.30 379.38
719.44 379.38
718.52 377.77
719.44 376.17
717.59 376.17
716.67 374.57
717.59 372.96
719.44 372.96
718.52 371.36
719.44 369.75
721.30 369.75
722.22 371.36
723.15 369.75
725.00 369.75
724.07 368.15
725.00 366.55
723.15 366.55
722.22 364.94
723.15 363.34
725.00 363.34
724.07 361.74
725.00 360.13
723.15 360.13
722.22 358.53
721.30 360.13
719.44 360.13
718.52 358.53
719.44 356.92
717.59 356.92
716.67 355.32
715.74 356.92
713.89 356.92
714.81 358.53
713.89 360.13
712.04 360.13
711.11 358.53
710.19 360.13
708.33 360.13
707.41 358.53
708.33 356.92
706.48 356.92
705.56 355.32
706.48 353.72
708.33 353.72
707.41 352.11
708.33 350.51
706.48 350.51
705.56 348.91
704.63 350.51
702.78 350.51
701.85 348.91
702.78 347.30
700.93 347.30
700.00 345.70
700.93 344.09
702.78 344.09
701.85 342.49
702.78 340.89
704.63 340.89
705.56 342.49
706.48 340.89
708.33 340.89
707.41 339.28
708.33 337.68
706.48 337.68
705.56 336.08
706.48 334.47
708.33 334.47
707.41 332.87
708.33 331.26
710.19 331.26
711.11 332.87
712.04 331.26
713.89 331.26
714.81 332.87
713.89 334.47
715.74 334.47
716.67 336.08
717.59 334.47
719.44 334.47
718.52 332.87
719.44 331.26
721.30 331.26
722.22 332.87
723.15 331.26
725.00 331.26
724.07 329.66
725.00 328.06
723.15 328.06
722.22 326.45
723.15 324.85
725.00 324.85
724.07 323.25
725.00 321.64
723.15 321.64
722.22 320.04
721.30 321.64
719.44 321.64
718.52 320.04
719.44 318.43
717.59 318.43
716.67 316.83
717.59 315.23
719.44 315.23
718.52 313.62
719.44 312.02
721.30 312.02
722.22 313.62
723.15 312.02
725.00 312.02
724.07 310.42
725.00 308.81
723.15 308.81
722.22 307.21
723.15 305.60
725.00 305.60
724.07 304.00
725.00 302.40
723.15 302.40
722.22 300.79
721.30 302.40
719.44 302.40
718.52 300.79
719.44 299.19
717.59 299.19
716.67 297.59
715.74 299.19
713.89 299.19
714.81 300.79
713.89 302.40
712.04 302.40
711.11 300.79
710.19 302.40
708.33 302.40
707.41 300.79
708.33 299.19
706.48 299.19
705.56 297.59
706.48 295.98
708.33 295.98
707.41 294.38
708.33 292.77
706.48 292.77
705.56 291.17
704.63 292.77
702.78 292.77
701.85 291.17
702.78 289.57
700.93 289.57
700.00 287.96
699.07 289.57
697.22 289.57
698.15 291.17
697.22 292.77
695.37 292.77
694.44 291.17
693.52 292.77
691.67 292.77
692.59 294.38
691.67 295.98
693.52 295.98
694.44 297.59
693.52 299.19
691.67 299.19
692.59 300.79
691.67 302.40
689.81 302.40
688.89 300.79
687.96 302.40
686.11 302.40
685.19 300.79
686.11 299.19
684.26 299.19
683.33 297.59
682.41 299.19
680.56 299.19
681.48 300.79
680.56 302.40
678.70 302.40
677.78 300.79
676.85 302.40
675.00 302.40
674.07 300.79
675.00 299.19
673.15 299.19
672.22 297.59
673.15 295.98
675.00 295.98
674.07 294.38
675.00 292.77
673.15 292.77
672.22 291.17
671.30 292.77
669.44 292.77
668.52 291.17
669.44 289.57
667.59 289.57
666.67 287.96
667.59 286.36
669.44 286.36
668.52 284.76
669.44 283.15
671.30 283.15
672.22 284.76
673.15 283.15
675.00 283.15
674.07 281.55
675.00 279.94
673.15 279.94
672.22 278.34
673.15 276.74
675.00 276.74
674.07 275.13
675.00 273.53
673.15 273.53
672.22 271.93
671.30 273.53
669.44 273.53
668.52 271.93
669.44 270.32
667.59 270.32
666.67 268.72
665.74 270.32
663.89 270.32
664.81 271.93
663.89 273.53
662.04 273.53
661.11 271.93
660.19 273.53
658.33 273.53
657.41 271.93
658.33 270.32
656.48 270.32
655.56 268.72
656.48 267.11
658.33 267.11
657.41 265.51
658.33 263.91
656.48 263.91
655.56 262.30
654.63 263.91
652.78 263.91
651.85 262.30
652.78 260.70
650.93 260.70
650.00 259.10
650.93 257.49
652.78 257.49
651.85 255.89
652.78 254.28
654.63 254.28
655.56 255.89
656.48 254.28
658.33 254.28
657.41 252.68
658.33 251.08
656.48 251.08
655.56 249.47
656.48 247.87
658.33 247.87
657.41 246.27
658.33 244.66
660.19 244.66
661.11 246.27
662.04 244.66
663.89 244.66
664.81 246.27
663.89 247.87
665.74 247.87
666.67 249.47
667.59 247.87
669.44 247.87
668.52 246.27
669.44 244.66
671.30 244.66
672.22 246.27
673.15 244.66
675.00 244.66
674.07 243.06
675.00 241.45
673.15 241.45
672.22 239.85
673.15 238.25
675.00 238.25
674.07 236.64
675.00 235.04
673.15 235.04
672.22 233.44
671.30 235.04
669.44 235.04
668.52 233.44
669.44 231.83
667.59 231.83
666.67 230.23
667.59 228.62
669.44 228.62
668.52 227.02
669.44 225.42
671.30 225.42
672.22 227.02
673.15 225.42
675.00 225.42
674.07 223.81
675.00 222.21
673.15 222.21
672.22 220.61
673.15 219.00
675.00 219.00
674.07 217.40
675.00 215.79
676.85 215.79
677.78 217.40
678.70 215.79
680.56 215.79
681.48 217.40
680.56 219.00
682.41 219.00
683.33 220.61
684.26 219.00
686.11 219.00
685.19 217.40
686.11 215.79
687.96 215.79
688.89 217.40
689.81 215.79
691.67 215.79
692.59 217.40
691.67 219.00
693.52 219.00
694.44 220.61
693.52 222.21
691.67 222.21
692.59 223.81
691.67 225.42
693.52 225.42
694.44 227.02
695.37 225.42
697.22 225.42
698.15 227.02
697.22 228.62
699.07 228.62
700.00 230.23
700.93 228.62
702.78 228.62
701.85 227.02
702.78 225.42
704.63 225.42
705.56 227.02
706.48 225.42
708.33 225.42
707.41 223.81
708.33 222.21
706.48 222.21
705.56 220.61
706.48 219.00
708.33 219.00
707.41 217.40
708.33 215.79
710.19 215.79
711.11 217.40
712.04 215.79
713.89 215.79
714.81 217.40
713.89 219.00
715.74 219.00
716.67 220.61
717.59 219.00
719.44 219.00
718.52 217.40
719.44 215.79
721.30 215.79
722.22 217.40
723.15 215.79
725.00 215.79
724.07 214.19
725.00 212.59
723.15 212.59
722.22 210.98
723.15 209.38
725.00 209.38
724.07 207.78
725.00 206.17
723.15 206.17
722.22 204.57
721.30 206.17
719.44 206.17
718.52 204.57
719.44 202.96
717.59 202.96
716.67 201.36
717.59 199.76
719.44 199.76
718.52 198.15
719.44 196.55
721.30 196.55
722.22 198.15
723.15 196.55
725.00 196.55
724.07 194.95
725.00 193.34
723.15 193.34
722.22 191.74
723.15 190.13
725.00 190.13
724.07 188.53
725.00 186.93
723.15 186.93
722.22 185.32
721.30 186.93
719.44 186.93
718.52 185.32
719.44 183.72
717.59 183.72
716.67 182.12
715.74 183.72
713.89 183.72
714.81 185.32
713.89 186.93
712.04 186.93
711.11 185.32
710.19 186.93
708.33 186.93
707.41 185.32
708.33 183.72
706.48 183.72
705.56 182.12
706.48 180.51
708.33 180.51
707.41 178.91
708.33 177.30
706.48 177.30
705.56 175.70
704.63 177.30
702.78 177.30
701.85 175.70
702.78 174.10
700.93 174.10
700.00 172.49
700.93 170.89
702.78 170.89
701.85 169.29
702.78 167.68
704.63 167.68
705.56 169.29
706.48 167.68
708.33 167.68
707.41 166.08
708.33 164.47
706.48 164.47
705.56 162.87
706.48 161.27
708.33 161.27
707.41 159.66
708.33 158.06
710.19 158.06
711.11 159.66
712.04 158.06
713.89 158.06
714.81 159.66
713.89 161.27
715.74 161.27
716.67 162.87
717.59 161.27
719.44 161.27
718.52 159.66
719.44 158.06
721.30 158.06
722.22 159.66
723.15 158.06
725.00 158.06
724.07 156.46
725.00 154.85
723.15 154.85
722.22 153.25
723.15 151.64
725.00 151.64
724.07 150.04
725.00 148.44
723.15 148.44
722.22 146.83
721.30 148.44
719.44 148.44
718.52 146.83
719.44 145.23
717.59 145.23
716.67 143.63
717.59 142.02
719.44 142.02
718.52 140.42
719.44 138.81
721.30 138.81
722.22 140.42
723.15 138.81
725.00 138.81
724.07 137.21
725.00 135.61
723.15 135.61
722.22 134.00
723.15 132.40
725.00 132.40
724.07 130.80
725.00 129.19
723.15 129.19
722.22 127.59
721.30 129.19
719.44 129.19
718.52 127.59
719.44 125.98
717.59 125.98
716.67 124.38
715.74 125.98
713.89 125.98
714.81 127.59
713.89 129.19
712.04 129.19
711.11 127.59
710.19 129.19
708.33 129.19
707.41 127.59
708.33 125.98
706.48 125.98
705.56 124.38
706.48 122.78
708.33 122.78
707.41 121.17
708.33 119.57
706.48 119.57
705.56 117.97
704.63 119.57
702.78 119.57
701.85 117.97
702.78 116.36
700.93 116.36
700.00 114.76
699.07 116.36
697.22 116.36
698.15 117.97
697.22 119.57
695.37 119.57
694.44 117.97
693.52 119.57
691.67 119.57
692.59 121.17
691.67 122.78
693.52 122.78
694.44 124.38
693.52 125.98
691.67 125.98
692.59 127.59
691.67 129.19
689.81 129.19
688.89 127.59
687.96 129.19
686.11 129.19
685.19 127.59
686.11 125.98
684.26 125.98
683.33 124.38
682.41 125.98
680.56 125.98
681.48 127.59
680.56 129.19
678.70 129.19
677.78 127.59
676.85 129.19
675.00 129.19
674.07 127.59
675.00 125.98
673.15 125.98
672.22 124.38
673.15 122.78
675.00 122.78
674.07 121.17
675.00 119.57
673.15 119.57
672.22 117.97
671.30 119.57
669.44 119.57
668.52 117.97
669.44 116.36
667.59 116.36
666.67 114.76
667.59 113.15
669.44 113.15
668.52 111.55
669.44 109.95
671.30 109.95
672.22 111.55
673.15 109.95
675.00 109.95
674.07 108.34
675.00 106.74
673.15 106.74
672.22 105.14
673.15 103.53
675.00 103.53
674.07 101.93
675.00 100.32
673.15 100.32
672.22 98.72
671.30 100.32
669.44 100.32
668.52 98.72
669.44 97.12
667.59 97.12
666.67 95.51
665.74 97.12
663.89 97.12
664.81 98.72
663.89 100.32
662.04 100.32
661.11 98.72
660.19 100.32
658.33 100.32
657.41 98.72
658.33 97.12
656.48 97.12
655.56 95.51
656.48 93.91
658.33 93.91
657.41 92.31
658.33 90.70
656.48 90.70
655.56 89.10
654.63 90.70
652.78 90.70
651.85 89.10
652.78 87.49
650.93 87.49
650.00 85.89
649.07 87.49
647.22 87.49
648.15 89.10
647.22 90.70
645.37 90.70
644.44 89.10
643.52 90.70
641.67 90.70
642.59 92.31
641.67 93.91
643.52 93.91
644.44 95.51
643.52 97.12
641.67 97.12
642.59 98.72
641.67 100.32
639.81 100.32
638.89 98.72
637.96 100.32
636.11 100.32
635.19 98.72
636.11 97.12
634.26 97.12
633.33 95.51
632.41 97.12
630.56 97.12
631.48 98.72
630.56 100.32
628.70 100.32
627.78 98.72
626.85 100.32
625.00 100.32
625.93 101.93
625.00 103.53
626.85 103.53
627.78 105.14
626.85 106.74
625.00 106.74
625.93 108.34
625.00 109.95
626.85 109.95
627.78 111.55
628.70 109.95
630.56 109.95
631.48 111.55
630.56 113.15
632.41 113.15
633.33 114.76
632.41 116.36
630.56 116.36
631.48 117.97
630.56 119.57
628.70 119.57
627.78 117.97
626.85 119.57
625.00 119.57
625.93 121.17
625.00 122.78
626.85 122.78
627.78 124.38
626.85 125.98
625.00 125.98
625.93 127.59
625.00 129.19
623.15 129.19
622.22 127.59
621.30 129.19
619.44 129.19
618.52 127.59
619.44 125.98
617.59 125.98
616.67 124.38
615.74 125.98
613.89 125.98
614.81 127.59
613.89 129.19
612.04 129.19
611.11 127.59
610.19 129.19
608.33 129.19
607.41 127.59
608.33 125.98
606.48 125.98
605.56 124.38
606.48 122.78
608.33 122.78
607.41 121.17
608.33 119.57
606.48 119.57
605.56 117.97
604.63 119.57
602.78 119.57
601.85 117.97
602.78 116.36
600.93 116.36
600.00 114.76
599.07 116.36
597.22 116.36
598.15 117.97
597.22 119.57
595.37 119.57
594.44 117.97
593.52 119.57
591.67 119.57
592.59 121.17
591.67 122.78
593.52 122.78
594.44 124.38
593.52 125.98
591.67 125.98
592.59 127.59
591.67 129.19
589.81 129.19
588.89 127.59
587.96 129.19
586.11 129.19
585.19 127.59
586.11 125.98
584.26 125.98
583.33 124.38
582.41 125.98
580.56 125.98
581.48 127.59
580.56 129.19
578.70 129.19
577.78 127.59
576.85 129.19
575.00 129.19
574.07 127.59
575.00 125.98
573.15 125.98
572.22 124.38
573.15 122.78
575.00 122.78
574.07 121.17
575.00 119.57
573.15 119.57
572.22 117.97
571.30 119.57
569.44 119.57
568.52 117.97
569.44 116.36
567.59 116.36
566.67 114.76
567.59 113.15
569.44 113.15
568.52 111.55
569.44 109.95
571.30 109.95
572.22 111.55
573.15 109.95
575.00 109.95
574.07 108.34
575.00 106.74
573.15 106.74
572.22 105.14
573.15 103.53
575.00 103.53
574.07 101.93
575.00 100.32
573.15 100.32
572.22 98.72
571.30 100.32
569.44 100.32
568.52 98.72
569.44 97.12
567.59 97.12
566.67 95.51
565.74 97.12
563.89 97.12
564.81 98.72
563.89 100.32
562.04 100.32
561.11 98.72
560.19 100.32
558.33 100.32
557.41 98.72
558.33 97.12
556.48 97.12
555.56 95.51
556.48 93.91
558.33 93.91
557.41 92.31
558.33 90.70
556.48 90.70
555.56 89.10
554.63 90.70
552.78 90.70
551.85 89.10
552.78 87.49
550.93 87.49
550.00 85.89
550.93 84.29
552.78 84.29
551.85 82.68
552.78 81.08
554.63 81.08
555.56 82.68
556.48 81.08
558.33 81.08
557.41 79.48
558.33 77.87
556.48 77.87
555.56 76.27
556.48 74.66
558.33 74.66
557.41 73.06
558.33 71.46
560.19 71.46
561.11 73.06
562.04 71.46
563.89 71.46
564.81 73.06
563.89 74.66
565.74 74.66
566.67 76.27
567.59 74.66
569.44 74.66
568.52 73.06
569.44 71.46
571.30 71.46
572.22 73.06
573.15 71.46
575.00 71.46
574.07 69.85
575.00 68.25
573.15 68.25
572.22 66.65
573.15 65.04
575.00 65.04
574.07 63.44
575.00 61.83
573.15 61.83
572.22 60.23
571.30 61.83
569.44 61.83
568.52 60.23
569.44 58.63
567.59 58.63
566.67 57.02
567.59 55.42
569.44 55.42
568.52 53.82
569.44 52.21
571.30 52.21
572.22 53.82
573.15 52.21
575.00 52.21
574.07 50.61
575.00 49.00
573.15 49.00
572.22 47.40
573.15 45.80
575.00 45.80
574.07 44.19
575.00 42.59
573.15 42.59
572.22 40.99
571.30 42.59
569.44 42.59
568.52 40.99
569.44 39.38
567.59 39.38
566.67 37.78
565.74 39.38
563.89 39.38
564.81 40.99
563.89 42.59
562.04 42.59
561.11 40.99
560.19 42.59
558.33 42.59
557.41 40.99
558.33 39.38
556.48 39.38
555.56 37.78
556.48 36.17
558.33 36.17
557.41 34.57
558.33 32.97
556.48 32.97
555.56 31.36
554.63 32.97
552.78 32.97
551.85 31.36
552.78 29.76
550.93 29.76
550.00 28.16
549.07 29.76
547.22 29.76
548.15 31.36
547.22 32.97
545.37 32.97
544.44 31.36
543.52 32.97
541.67 32.97
542.59 34.57
541.67 36.17
543.52 36.17
544.44 37.78
543.52 39.38
541.67 39.38
542.59 40.99
541.67 42.59
539.81 42.59
538.89 40.99
537.96 42.59
536.11 42.59
535.19 40.99
536.11 39.38
534.26 39.38
533.33 37.78
532.41 39.38
530.56 39.38
531.48 40.99
530.56 42.59
528.70 42.59
527.78 40.99
526.85 42.59
525.00 42.59
524.07 40.99
525.00 39.38
523.15 39.38
522.22 37.78
523.15 36.17
525.00 36.17
524.07 34.57
525.00 32.97
523.15 32.97
522.22 31.36
521.30 32.97
519.44 32.97
518.52 31.36
519.44 29.76
517.59 29.76
516.67 28.16
517.59 26.55
519.44 26.55
518.52 24.95
519.44 23.34
521.30 23.34
522.22 24.95
523.15 23.34
525.00 23.34
524.07 21.74
525.00 20.14
523.15 20.14
522.22 18.53
523.15 16.93
525.00 16.93
524.07 15.33
525.00 13.72
523.15 13.72
522.22 12.12
521.30 13.72
519.44 13.72
518.52 12.12
519.44 10.51
517.59 10.51
516.67 8.91
515.74 10.51
513.89 10.51
514.81 12.12
513.89 13.72
512.04 13.72
511.11 12.12
510.19 13.72
508.33 13.72
507.41 12.12
508.33 10.51
506.48 10.51
505.56 8.91
506.48 7.31
508.33 7.31
507.41 5.70
508.33 4.10
506.48 4.10
505.56 2.50
504.63 4.10
502.78 4.10
501.85 2.50
502.78 0.89
500.93 0.89
500.00 -0.71
499.07 0.89
497.22 0.89
498.15 2.50
497.22 4.10
495.37 4.10
494.44 2.50
493.52 4.10
491.67 4.10
492.59 5.70
491.67 7.31
493.52 7.31
494.44 8.91
493.52 10.51
491.67 10.51
492.59 12.12
491.67 13.72
489.81 13.72
488.89 12.12
487.96 13.72
486.11 13.72
485.19 12.12
486.11 10.51
484.26 10.51
483.33 8.91
482.41 10.51
480.56 10.51
481.48 12.12
480.56 13.72
478.70 13.72
477.78 12.12
476.85 13.72
475.00 13.72
475.93 15.33
475.00 16.93
476.85 16.93
477.78 18.53
476.85 20.14
475.00 20.14
475.93 21.74
475.00 23.34
476.85 23.34
477.78 24.95
478.70 23.34
480.56 23.34
481.48 24.95
480.56 26.55
482.41 26.55
483.33 28.16
482.41 29.76
480.56 29.76
481.48 31.36
480.56 32.97
478.70 32.97
477.78 31.36
476.85 32.97
475.00 32.97
475.93 34.57
475.00 36.17
476.85 36.17
477.78 37.78
476.85 39.38
475.00 39.38
475.93 40.99
475.00 42.59
473.15 42.59
472.22 40.99
471.30 42.59
469.44 42.59
468.52 40.99
469.44 39.38
467.59 39.38
466.67 37.78
465.74 39.38
463.89 39.38
464.81 40.99
463.89 42.59
462.04 42.59
461.11 40.99
460.19 42.59
458.33 42.59
457.41 40.99
458.33 39.38
456.48 39.38
455.56 37.78
456.48 36.17
458.33 36.17
457.41 34.57
458.33 32.97
456.48 32.97
455.56 31.36
454.63 32.97
452.78 32.97
451.85 31.36
452.78 29.76
450.93 29.76
450.00 28.16
449.07 29.76
447.22 29.76
448.15 31.36
447.22 32.97
445.37 32.97
444.44 31.36
443.52 32.97
441.67 32.97
442.59 34.57
441.67 36.17
443.52 36.17
444.44 37.78
443.52 39.38
441.67 39.38
442.59 40.99
441.67 42.59
439.81 42.59
438.89 40.99
437.96 42.59
436.11 42.59
435.19 40.99
436.11 39.38
434.26 39.38
433.33 37.78
432.41 39.38
430.56 39.38
431.48 40.99
430.56 42.59
428.70 42.59
427.78 40.99
426.85 42.59
425.00 42.59
425.93 44.19
425.00 45.80
426.85 45.80
427.78 47.40
426.85 49.00
425.00 49.00
425.93 50.61
425.00 52.21
426.85 52.21
427.78 53.82
428.70 52.21
430.56 52.21
431.48 53.82
430.56 55.42
432.41 55.42
433.33 57.02
432.41 58.63
430.56 58.63
431.48 60.23
430.56 61.83
428.70 61.83
427.78 60.23
426.85 61.83
425.00 61.83
425.93 63.44
425.00 65.04
426.85 65.04
427.78 66.65
426.85 68.25
425.00 68.25
425.93 69.85
425.00 71.46
426.85 71.46
427.78 73.06
428.70 71.46
430.56 71.46
431.48 73.06
430.56 74.66
432.41 74.66
433.33 76.27
434.26 74.66
436.11 74.66
435.19 73.06
436.11 71.46
437.96 71.46
438.89 73.06
439.81 71.46
441.67 71.46
442.59 73.06
441.67 74.66
443.52 74.66
444.44 76.27
443.52 77.87
441.67 77.87
442.59 79.48
441.67 81.08
443.52 81.08
444.44 82.68
445.37 81.08
447.22 81.08
448.15 82.68
447.22 84.29
449.07 84.29
450.00 85.89
449.07 87.49
447.22 87.49
448.15 89.10
447.22 90.70
445.37 90.70
444.44 89.10
443.52 90.70
441.67 90.70
442.59 92.31
441.67 93.91
443.52 93.91
444.44 95.51
443.52 97.12
441.67 97.12
442.59 98.72
441.67 100.32
439.81 100.32
438.89 98.72
437.96 100.32
436.11 100.32
435.19 98.72
436.11 97.12
434.26 97.12
433.33 95.51
432.41 97.12
430.56 97.12
431.48 98.72
430.56 100.32
428.70 100.32
427.78 98.72
426.85 100.32
425.00 100.32
425.93 101.93
425.00 103.53
426.85 103.53
427.78 105.14
426.85 106.74
425.00 106.74
425.93 108.34
425.00 109.95
426.85 109.95
427.78 111.55
428.70 109.95
430.56 109.95
431.48 111.55
430.56 113.15
432.41 113.15
433.33 114.76
432.41 116.36
430.56 116.36
431.48 117.97
430.56 119.57
428.70 119.57
427.78 117.97
426.85 119.57
425.00 119.57
425.93 121.17
425.00 122.78
426.85 122.78
427.78 124.38
426.85 125.98
425.00 125.98
425.93 127.59
425.00 129.19
423.15 129.19
422.22 127.59
421.30 129.19
419.44 129.19
418.52 127.59
419.44 125.98
417.59 125.98
416.67 124.38
415.74 125.98
413.89 125.98
414.81 127.59
413.89 129.19
412.04 129.19
411.11 127.59
410.19 129.19
408.33 129.19
407.41 127.59
408.33 125.98
406.48 125.98
405.56 124.38
406.48 122.78
408.33 122.78
407.41 121.17
408.33 119.57
406.48 119.57
405.56 117.97
404.63 119.57
402.78 119.57
401.85 117.97
402.78 116.36
400.93 116.36
400.00 114.76
399.07 116.36
397.22 116.36
398.15 117.97
397.22 119.57
395.37 119.57
394.44 117.97
393.52 119.57
391.67 119.57
392.59 121.17
391.67 122.78
393.52 122.78
394.44 124.38
393.52 125.98
391.67 125.98
392.59 127.59
391.67 129.19
389.81 129.19
388.89 127.59
387.96 129.19
386.11 129.19
385.19 127.59
386.11 125.98
384.26 125.98
383.33 124.38
382.41 125.98
380.56 125.98
381.48 127.59
380.56 129.19
378.70 129.19
377.78 127.59
376.85 129.19
375.00 129.19
374.07 127.59
375.00 125.98
373.15 125.98
372.22 124.38
373.15 122.78
375.00 122.78
374.07 121.17
375.00 119.57
373.15 119.57
372.22 117.97
371.30 119.57
369.44 119.57
368.52 117.97
369.44 116.36
367.59 116.36
366.67 114.76
367.59 113.15
369.44 113.15
368.52 111.55
369.44 109.95
371.30 109.95
372.22 111.55
373.15 109.95
375.00 109.95
374.07 108.34
375.00 106.74
373.15 106.74
372.22 105.14
373.15 103.53
375.00 103.53
374.07 101.93
375.00 100.32
373.15 100.32
372.22 98.72
371.30 100.32
369.44 100.32
368.52 98.72
369.44 97.12
367.59 97.12
366.67 95.51
365.74 97.12
363.89 97.12
364.81 98.72
363.89 100.32
362.04 100.32
361.11 98.72
360.19 100.32
358.33 100.32
357.41 98.72
358.33 97.12
356.48 97.12
355.56 95.51
356.48 93.91
358.33 93.91
357.41 92.31
358.33 90.70
356.48 90.70
355.56 89.10
354.63 90.70
352.78 90.70
351.85 89.10
352.78 87.49
350.93 87.49
350.00 85.89
349.07 87.49
347.22 87.49
348.15 89.10
347.22 90.70
345.37 90.70
344.44 89.10
343.52 90.70
341.67 90.70
342.59 92.31
341.67 93.91
343.52 93.91
344.44 95.51
343.52 97.12
341.67 97.12
342.59 98.72
341.67 100.32
339.81 100.32
338.89 98.72
337.96 100.32
336.11 100.32
335.19 98.72
336.11 97.12
334.26 97.12
333.33 95.51
332.41 97.12
330.56 97.12
331.48 98.72
330.56 100.32
328.70 100.32
327.78 98.72
326.85 100.32
325.00 100.32
325.93 101.93
325.00 103.53
326.85 103.53
327.78 105.14
326.85 106.74
325.00 106.74
325.93 108.34
325.00 109.95
326.85 109.95
327.78 111.55
328.70 109.95
330.56 109.95
331.48 111.55
330.56 113.15
332.41 113.15
333.33 114.76
332.41 116.36
330.56 116.36
331.48 117.97
330.56 119.57
328.70 119.57
327.78 117.97
326.85 119.57
325.00 119.57
325.93 121.17
325.00 122.78
326.85 122.78
327.78 124.38
326.85 125.98
325.00 125.98
325.93 127.59
325.00 129.19
323.15 129.19
322.22 127.59
321.30 129.19
319.44 129.19
318.52 127.59
319.44 125.98
317.59 125.98
316.67 124.38
315.74 125.98
313.89 125.98
314.81 127.59
313.89 129.19
312.04 129.19
311.11 127.59
310.19 129.19
308.33 129.19
307.41 127.59
308.33 125.98
306.48 125.98
305.56 124.38
306.48 122.78
308.33 122.78
307.41 121.17
308.33 119.57
306.48 119.57
305.56 117.97
304.63 119.57
302.78 119.57
301.85 117.97
302.78 116.36
300.93 116.36
300.00 114.76
299.07 116.36
297.22 116.36
298.15 117.97
297.22 119.57
295.37 119.57
294.44 117.97
293.52 119.57
291.67 119.57
292.59 121.17
291.67 122.78
293.52 122.78
294.44 124.38
293.52 125.98
291.67 125.98
292.59 127.59
291.67 129.19
289.81 129.19
288.89 127.59
287.96 129.19
286.11 129.19
285.19 127.59
286.11 125.98
284.26 125.98
283.33 124.38
282.41 125.98
280.56 125.98
281.48 127.59
280.56 129.19
278.70 129.19
277.78 127.59
276.85 129.19
275.00 129.19
275.93 130.80
275.00 132.40
276.85 132.40
277.78 134.00
276.85 135.61
275.00 135.61
275.93 137.21
275.00 138.81
276.85 138.81
277.78 140.42
278.70 138.81
280.56 138.81
281.48 140.42
280.56 142.02
282.41 142.02
283.33 143.63
282.41 145.23
280.56 145.23
281.48 146.83
280.56 148.44
278.70 148.44
277.78 146.83
276.85 148.44
275.00 148.44
275.93 150.04
275.00 151.64
276.85 151.64
277.78 153.25
276.85 154.85
275.00 154.85
275.93 156.46
275.00 158.06
276.85 158.06
277.78 159.66
278.70 158.06
280.56 158.06
281.48 159.66
280.56 161.27
282.41 161.27
283.33 162.87
284.26 161.27
286.11 161.27
285.19 159.66
286.11 158.06
287.96 158.06
288.89 159.66
289.81 158.06
291.67 158.06
292.59 159.66
291.67 161.27
293.52 161.27
294.44 162.87
293.52 164.47
291.67 164.47
292.59 166.08
291.67 167.68
293.52 167.68
294.44 169.29
295.37 167.68
297.22 167.68
298.15 169.29
297.22 170.89
299.07 170.89
300.00 172.49
299.07 174.10
297.22 174.10
298.15 175.70
297.22 177.30
295.37 177.30
294.44 175.70
293.52 177.30
291.67 177.30
292.59 178.91
291.67 180.51
293.52 180.51
294.44 182.12
293.52 183.72
291.67 183.72
292.59 185.32
291.67 186.93
289.81 186.93
288.89 185.32
287.96 186.93
286.11 186.93
285.19 185.32
286.11 183.72
284.26 183.72
283.33 182.12
282.41 183.72
280.56 183.72
281.48 185.32
280.56 186.93
278.70 186.93
277.78 185.32
276.85 186.93
275.00 186.93
275.93 188.53
275.00 190.13
276.85 190.13
277.78 191.74
276.85 193.34
275.00 193.34
275.93 194.95
275.00 196.55
276.85 196.55
277.78 198.15
278.70 196.55
280.56 196.55
281.48 198.15
280.56 199.76
282.41 199.76
283.33 201.36
282.41 202.96
280.56 202.96
281.48 204.57
280.56 206.17
278.70 206.17
277.78 204.57
276.85 206.17
275.00 206.17
275.93 207.78
275.00 209.38
276.85 209.38
277.78 210.98
276.85 212.59
275.00 212.59
275.93 214.19
275.00 215.79
276.85 215.79
277.78 217.40
278.70 215.79
280.56 215.79
281.48 217.40
280.56 219.00
282.41 219.00
283.33 220.61
284.26 219.00
286.11 219.00
285.19 217.40
286.11 215.79
287.96 215.79
288.89 217.40
289.81 215.79
291.67 215.79
292.59 217.40
291.67 219.00
293.52 219.00
294.44 220.61
293.52 222.21
291.67 222.21
292.59 223.81
291.67 225.42
293.52 225.42
294.44 227.02
295.37 225.42
297.22 225.42
298.15 227.02
297.22 228.62
299.07 228.62
300.00 230.23
300.93 228.62
302.78 228.62
301.85 227.02
302.78 225.42
304.63 225.42
305.56 227.02
306.48 225.42
308.33 225.42
307.41 223.81
308.33 222.21
306.48 222.21
305.56 220.61
306.48 219.00
308.33 219.00
307.41 217.40
308.33 215.79
310.19 215.79
311.11 217.40
312.04 215.79
313.89 215.79
314.81 217.40
313.89 219.00
315.74 219.00
316.67 220.61
317.59 219.00
319.44 219.00
318.52 217.40
319.44 215.79
321.30 215.79
322.22 217.40
323.15 215.79
325.00 215.79
325.93 217.40
325.00 219.00
326.85 219.00
327.78 220.61
326.85 222.21
325.00 222.21
325.93 223.81
325.00 225.42
326.85 225.42
327.78 227.02
328.70 225.42
330.56 225.42
331.48 227.02
330.56 228.62
332.41 228.62
333.33 230.23
332.41 231.83
330.56 231.83
331.48 233.44
330.56 235.04
328.70 235.04
327.78 233.44
326.85 235.04
325.00 235.04
325.93 236.64
325.00 238.25
326.85 238.25
327.78 239.85
326.85 241.45
325.00 241.45
325.93 243.06
325.00 244.66
326.85 244.66
327.78 246.27
328.70 244.66
330.56 244.66
331.48 246.27
330.56 247.87
332.41 247.87
333.33 249.47
334.26 247.87
336.11 247.87
335.19 246.27
336.11 244.66
337.96 244.66
338.89 246.27
339.81 244.66
341.67 244.66
342.59 246.27
341.67 247.87
343.52 247.87
344.44 249.47
343.52 251.08
341.67 251.08
342.59 252.68
341.67 254.28
343.52 254.28
344.44 255.89
345.37 254.28
347.22 254.28
348.15 255.89
347.22 257.49
349.07 257.49
350.00 259.10
349.07 260.70
347.22 260.70
348.15 262.30
347.22 263.91
345.37 263.91
344.44 262.30
343.52 263.91
341.67 263.91
342.59 265.51
341.67 267.11
343.52 267.11
344.44 268.72
343.52 270.32
341.67 270.32
342.59 271.93
341.67 273.53
339.81 273.53
338.89 271.93
337.96 273.53
336.11 273.53
335.19 271.93
336.11 270.32
334.26 270.32
333.33 268.72
332.41 270.32
330.56 270.32
331.48 271.93
330.56 273.53
328.70 273.53
327.78 271.93
326.85 273.53
325.00 273.53
325.93 275.13
325.00 276.74
326.85 276.74
327.78 278.34
326.85 279.94
325.00 279.94
325.93 281.55
325.00 283.15
326.85 283.15
327.78 284.76
328.70 283.15
330.56 283.15
331.48 284.76
330.56 286.36
332.41 286.36
333.33 287.96
332.41 289.57
330.56 289.57
331.48 291.17
330.56 292.77
328.70 292.77
327.78 291.17
326.85 292.77
325.00 292.77
325.93 294.38
325.00 295.98
326.85 295.98
327.78 297.59
326.85 299.19
325.00 299.19
325.93 300.79
325.00 302.40
323.15 302.40
322.22 300.79
321.30 302.40
319.44 302.40
318.52 300.79
319.44 299.19
317.59 299.19
316.67 297.59
315.74 299.19
313.89 299.19
314.81 300.79
313.89 302.40
312.04 302.40
311.11 300.79
310.19 302.40
308.33 302.40
307.41 300.79
308.33 299.19
306.48 299.19
305.56 297.59
306.48 295.98
308.33 295.98
307.41 294.38
308.33 292.77
306.48 292.77
305.56 291.17
304.63 292.77
302.78 292.77
301.85 291.17
302.78 289.57
300.93 289.57
300.00 287.96
299.07 289.57
297.22 289.57
298.15 291.17
297.22 292.77
295.37 292.77
294.44 291.17
293.52 292.77
291.67 292.77
292.59 294.38
291.67 295.98
293.52 295.98
294.44 297.59
293.52 299.19
291.67 299.19
292.59 300.79
291.67 302.40
289.81 302.40
288.89 300.79
287.96 302.40
286.11 302.40
285.19 300.79
286.11 299.19
284.26 299.19
283.33 297.59
282.41 299.19
280.56 299.19
281.48 300.79
280.56 302.40
278.70 302.40
277.78 300.79
276.85 302.40
275.00 302.40
275.93 304.00
275.00 305.60
276.85 305.60
277.78 307.21
276.85 308.81
275.00 308.81
275.93 310.42
275.00 312.02
276.85 312.02
277.78 313.62
278.70 312.02
280.56 312.02
281.48 313.62
280.56 315.23
282.41 315.23
283.33 316.83
282.41 318.43
280.56 318.43
281.48 320.04
280.56 321.64
278.70 321.64
277.78 320.04
276.85 321.64
275.00 321.64
275.93 323.25
275.00 324.85
276.85 324.85
277.78 326.45
276.85 328.06
275.00 328.06
275.93 329.66
275.00 331.26
276.85 331.26
277.78 332.87
278.70 331.26
280.56 331.26
281.48 332.87
280.56 334.47
282.41 334.47
283.33 336.08
284.26 334.47
286.11 334.47
285.19 332.87
286.11 331.26
287.96 331.26
288.89 332.87
289.81 331.26
291.67 331.26
292.59 332.87
291.67 334.47
293.52 334.47
294.44 336.08
293.52 337.68
291.67 337.68
292.59 339.28
291.67 340.89
293.52 340.89
294.44 342.49
295.37 340.89
297.22 340.89
298.15 342.49
297.22 344.09
299.07 344.09
300.00 345.70
299.07 347.30
297.22 347.30
298.15 348.91
297.22 350.51
295.37 350.51
294.44 348.91
293.52 350.51
291.67 350.51
292.59 352.11
291.67 353.72
293.52 353.72
294.44 355.32
293.52 356.92
291.67 356.92
292.59 358.53
291.67 360.13
289.81 360.13
288.89 358.53
287.96 360.13
286.11 360.13
285.19 358.53
286.11 356.92
284.26 356.92
283.33 355.32
282.41 356.92
280.56 356.92
281.48 358.53
280.56 360.13
278.70 360.13
277.78 358.53
276.85 360.13
275.00 360.13
275.93 361.74
275.00 363.34
276.85 363.34
277.78 364.94
276.85 366.55
275.00 366.55
275.93 368.15
275.00 369.75
276.85 369.75
277.78 371.36
278.70 369.75
280.56 369.75
281.48 371.36
280.56 372.96
282.41 372.96
283.33 374.57
282.41 376.17
280.56 376.17
281.48 377.77
280.56 379.38
278.70 379.38
277.78 377.77
276.85 379.38
275.00 379.38
275.93 380.98
275.00 382.58
276.85 382.58
277.78 384.19
276.85 385.79
275.00 385.79
275.93 387.40
